10
0 4 1 4 13 13 15 10 18 18 
4 0 5 8 9 9 11 7 14 15 
1 5 0 3 14 14 16 9 19 17 
4 8 3 0 17 17 19 10 22 18 
13 9 14 17 0 2 4 10 6 13 
13 9 14 17 2 0 2 8 5 11 
15 11 16 19 4 2 0 9 3 9 
10 7 9 10 10 8 9 0 12 8 
18 14 19 22 6 5 3 12 0 9 
18 15 17 18 13 11 9 8 9 0